 -0.100000E+01     1     1  0.000000E+00
 -0.100000E+01     1     5  0.000000E+00
 -0.100000E+01     2     2  0.000000E+00
 -0.100000E+01     2     4  0.000000E+00
 -0.100000E+01     3     3  0.000000E+00
 -0.100000E+01     4     2  0.000000E+00
 -0.100000E+01     4     4  0.000000E+00
 -0.100000E+01     5     1  0.000000E+00
 -0.100000E+01     5     5  0.000000E+00
 -0.100000E+01     6     6  0.000000E+00
  0.000000E+00     1     1  0.000000E+00
  0.000000E+00     1     5  0.000000E+00
  0.000000E+00     2     2  0.000000E+00
  0.000000E+00     2     4  0.000000E+00
  0.000000E+00     3     3  0.000000E+00
  0.000000E+00     4     2  0.000000E+00
  0.000000E+00     4     4  0.000000E+00
  0.000000E+00     5     1  0.000000E+00
  0.000000E+00     5     5  0.000000E+00
  0.000000E+00     6     6  0.000000E+00
  0.125664E+03     1     1  0.000000E+00  0.000000E+00
  0.125664E+03     1     5  0.000000E+00  0.000000E+00
  0.125664E+03     2     2  0.000000E+00  0.000000E+00
  0.125664E+03     2     4  0.000000E+00  0.000000E+00
  0.125664E+03     3     3  0.000000E+00  0.000000E+00
  0.125664E+03     4     2  0.000000E+00  0.000000E+00
  0.125664E+03     4     4  0.000000E+00  0.000000E+00
  0.125664E+03     5     1  0.000000E+00  0.000000E+00
  0.125664E+03     5     5  0.000000E+00  0.000000E+00
  0.125664E+03     6     6  0.000000E+00  0.000000E+00
  0.628319E+02     1     1  0.000000E+00  0.000000E+00
  0.628319E+02     1     5  0.000000E+00  0.000000E+00
  0.628319E+02     2     2  0.000000E+00  0.000000E+00
  0.628319E+02     2     4  0.000000E+00  0.000000E+00
  0.628319E+02     3     3  0.000000E+00  0.000000E+00
  0.628319E+02     4     2  0.000000E+00  0.000000E+00
  0.628319E+02     4     4  0.000000E+00  0.000000E+00
  0.628319E+02     5     1  0.000000E+00  0.000000E+00
  0.628319E+02     5     5  0.000000E+00  0.000000E+00
  0.628319E+02     6     6  0.000000E+00  0.000000E+00
  0.418879E+02     1     1  0.000000E+00  0.000000E+00
  0.418879E+02     1     5  0.000000E+00  0.000000E+00
  0.418879E+02     2     2  0.000000E+00  0.000000E+00
  0.418879E+02     2     4  0.000000E+00  0.000000E+00
  0.418879E+02     3     3  0.000000E+00  0.000000E+00
  0.418879E+02     4     2  0.000000E+00  0.000000E+00
  0.418879E+02     4     4  0.000000E+00  0.000000E+00
  0.418879E+02     5     1  0.000000E+00  0.000000E+00
  0.418879E+02     5     5  0.000000E+00  0.000000E+00
  0.418879E+02     6     6  0.000000E+00  0.000000E+00
  0.314159E+02     1     1  0.000000E+00  0.000000E+00
  0.314159E+02     1     5  0.000000E+00  0.000000E+00
  0.314159E+02     2     2  0.000000E+00  0.000000E+00
  0.314159E+02     2     4  0.000000E+00  0.000000E+00
  0.314159E+02     3     3  0.000000E+00  0.000000E+00
  0.314159E+02     4     2  0.000000E+00  0.000000E+00
  0.314159E+02     4     4  0.000000E+00  0.000000E+00
  0.314159E+02     5     1  0.000000E+00  0.000000E+00
  0.314159E+02     5     5  0.000000E+00  0.000000E+00
  0.314159E+02     6     6  0.000000E+00  0.000000E+00
  0.251327E+02     1     1  0.000000E+00  0.000000E+00
  0.251327E+02     1     5  0.000000E+00  0.000000E+00
  0.251327E+02     2     2  0.000000E+00  0.000000E+00
  0.251327E+02     2     4  0.000000E+00  0.000000E+00
  0.251327E+02     3     3  0.000000E+00  0.000000E+00
  0.251327E+02     4     2  0.000000E+00  0.000000E+00
  0.251327E+02     4     4  0.000000E+00  0.000000E+00
  0.251327E+02     5     1  0.000000E+00  0.000000E+00
  0.251327E+02     5     5  0.000000E+00  0.000000E+00
  0.251327E+02     6     6  0.000000E+00  0.000000E+00
  0.209440E+02     1     1  0.000000E+00  0.000000E+00
  0.209440E+02     1     5  0.000000E+00  0.000000E+00
  0.209440E+02     2     2  0.000000E+00  0.000000E+00
  0.209440E+02     2     4  0.000000E+00  0.000000E+00
  0.209440E+02     3     3  0.000000E+00  0.000000E+00
  0.209440E+02     4     2  0.000000E+00  0.000000E+00
  0.209440E+02     4     4  0.000000E+00  0.000000E+00
  0.209440E+02     5     1  0.000000E+00  0.000000E+00
  0.209440E+02     5     5  0.000000E+00  0.000000E+00
  0.209440E+02     6     6  0.000000E+00  0.000000E+00
  0.179520E+02     1     1  0.000000E+00  0.000000E+00
  0.179520E+02     1     5  0.000000E+00  0.000000E+00
  0.179520E+02     2     2  0.000000E+00  0.000000E+00
  0.179520E+02     2     4  0.000000E+00  0.000000E+00
  0.179520E+02     3     3  0.000000E+00  0.000000E+00
  0.179520E+02     4     2  0.000000E+00  0.000000E+00
  0.179520E+02     4     4  0.000000E+00  0.000000E+00
  0.179520E+02     5     1  0.000000E+00  0.000000E+00
  0.179520E+02     5     5  0.000000E+00  0.000000E+00
  0.179520E+02     6     6  0.000000E+00  0.000000E+00
  0.157080E+02     1     1  0.000000E+00  0.000000E+00
  0.157080E+02     1     5  0.000000E+00  0.000000E+00
  0.157080E+02     2     2  0.000000E+00  0.000000E+00
  0.157080E+02     2     4  0.000000E+00  0.000000E+00
  0.157080E+02     3     3  0.000000E+00  0.000000E+00
  0.157080E+02     4     2  0.000000E+00  0.000000E+00
  0.157080E+02     4     4  0.000000E+00  0.000000E+00
  0.157080E+02     5     1  0.000000E+00  0.000000E+00
  0.157080E+02     5     5  0.000000E+00  0.000000E+00
  0.157080E+02     6     6  0.000000E+00  0.000000E+00
  0.139626E+02     1     1  0.000000E+00  0.000000E+00
  0.139626E+02     1     5  0.000000E+00  0.000000E+00
  0.139626E+02     2     2  0.000000E+00  0.000000E+00
  0.139626E+02     2     4  0.000000E+00  0.000000E+00
  0.139626E+02     3     3  0.000000E+00  0.000000E+00
  0.139626E+02     4     2  0.000000E+00  0.000000E+00
  0.139626E+02     4     4  0.000000E+00  0.000000E+00
  0.139626E+02     5     1  0.000000E+00  0.000000E+00
  0.139626E+02     5     5  0.000000E+00  0.000000E+00
  0.139626E+02     6     6  0.000000E+00  0.000000E+00
  0.125664E+02     1     1  0.000000E+00  0.000000E+00
  0.125664E+02     1     5  0.000000E+00  0.000000E+00
  0.125664E+02     2     2  0.000000E+00  0.000000E+00
  0.125664E+02     2     4  0.000000E+00  0.000000E+00
  0.125664E+02     3     3  0.000000E+00  0.000000E+00
  0.125664E+02     4     2  0.000000E+00  0.000000E+00
  0.125664E+02     4     4  0.000000E+00  0.000000E+00
  0.125664E+02     5     1  0.000000E+00  0.000000E+00
  0.125664E+02     5     5  0.000000E+00  0.000000E+00
  0.125664E+02     6     6  0.000000E+00  0.000000E+00
  0.114240E+02     1     1  0.000000E+00  0.000000E+00
  0.114240E+02     1     5  0.000000E+00  0.000000E+00
  0.114240E+02     2     2  0.000000E+00  0.000000E+00
  0.114240E+02     2     4  0.000000E+00  0.000000E+00
  0.114240E+02     3     3  0.000000E+00  0.000000E+00
  0.114240E+02     4     2  0.000000E+00  0.000000E+00
  0.114240E+02     4     4  0.000000E+00  0.000000E+00
  0.114240E+02     5     1  0.000000E+00  0.000000E+00
  0.114240E+02     5     5  0.000000E+00  0.000000E+00
  0.114240E+02     6     6  0.000000E+00  0.000000E+00
  0.104720E+02     1     1  0.000000E+00  0.000000E+00
  0.104720E+02     1     5  0.000000E+00  0.000000E+00
  0.104720E+02     2     2  0.000000E+00  0.000000E+00
  0.104720E+02     2     4  0.000000E+00  0.000000E+00
  0.104720E+02     3     3  0.000000E+00  0.000000E+00
  0.104720E+02     4     2  0.000000E+00  0.000000E+00
  0.104720E+02     4     4  0.000000E+00  0.000000E+00
  0.104720E+02     5     1  0.000000E+00  0.000000E+00
  0.104720E+02     5     5  0.000000E+00  0.000000E+00
  0.104720E+02     6     6  0.000000E+00  0.000000E+00
  0.966644E+01     1     1  0.000000E+00  0.000000E+00
  0.966644E+01     1     5  0.000000E+00  0.000000E+00
  0.966644E+01     2     2  0.000000E+00  0.000000E+00
  0.966644E+01     2     4  0.000000E+00  0.000000E+00
  0.966644E+01     3     3  0.000000E+00  0.000000E+00
  0.966644E+01     4     2  0.000000E+00  0.000000E+00
  0.966644E+01     4     4  0.000000E+00  0.000000E+00
  0.966644E+01     5     1  0.000000E+00  0.000000E+00
  0.966644E+01     5     5  0.000000E+00  0.000000E+00
  0.966644E+01     6     6  0.000000E+00  0.000000E+00
  0.897598E+01     1     1  0.000000E+00  0.000000E+00
  0.897598E+01     1     5  0.000000E+00  0.000000E+00
  0.897598E+01     2     2  0.000000E+00  0.000000E+00
  0.897598E+01     2     4  0.000000E+00  0.000000E+00
  0.897598E+01     3     3  0.000000E+00  0.000000E+00
  0.897598E+01     4     2  0.000000E+00  0.000000E+00
  0.897598E+01     4     4  0.000000E+00  0.000000E+00
  0.897598E+01     5     1  0.000000E+00  0.000000E+00
  0.897598E+01     5     5  0.000000E+00  0.000000E+00
  0.897598E+01     6     6  0.000000E+00  0.000000E+00
  0.837758E+01     1     1  0.000000E+00  0.000000E+00
  0.837758E+01     1     5  0.000000E+00  0.000000E+00
  0.837758E+01     2     2  0.000000E+00  0.000000E+00
  0.837758E+01     2     4  0.000000E+00  0.000000E+00
  0.837758E+01     3     3  0.000000E+00  0.000000E+00
  0.837758E+01     4     2  0.000000E+00  0.000000E+00
  0.837758E+01     4     4  0.000000E+00  0.000000E+00
  0.837758E+01     5     1  0.000000E+00  0.000000E+00
  0.837758E+01     5     5  0.000000E+00  0.000000E+00
  0.837758E+01     6     6  0.000000E+00  0.000000E+00
  0.785398E+01     1     1  0.000000E+00  0.000000E+00
  0.785398E+01     1     5  0.000000E+00  0.000000E+00
  0.785398E+01     2     2  0.000000E+00  0.000000E+00
  0.785398E+01     2     4  0.000000E+00  0.000000E+00
  0.785398E+01     3     3  0.000000E+00  0.000000E+00
  0.785398E+01     4     2  0.000000E+00  0.000000E+00
  0.785398E+01     4     4  0.000000E+00  0.000000E+00
  0.785398E+01     5     1  0.000000E+00  0.000000E+00
  0.785398E+01     5     5  0.000000E+00  0.000000E+00
  0.785398E+01     6     6  0.000000E+00  0.000000E+00
  0.739198E+01     1     1  0.000000E+00  0.000000E+00
  0.739198E+01     1     5  0.000000E+00  0.000000E+00
  0.739198E+01     2     2  0.000000E+00  0.000000E+00
  0.739198E+01     2     4  0.000000E+00  0.000000E+00
  0.739198E+01     3     3  0.000000E+00  0.000000E+00
  0.739198E+01     4     2  0.000000E+00  0.000000E+00
  0.739198E+01     4     4  0.000000E+00  0.000000E+00
  0.739198E+01     5     1  0.000000E+00  0.000000E+00
  0.739198E+01     5     5  0.000000E+00  0.000000E+00
  0.739198E+01     6     6  0.000000E+00  0.000000E+00
  0.698132E+01     1     1  0.000000E+00  0.000000E+00
  0.698132E+01     1     5  0.000000E+00  0.000000E+00
  0.698132E+01     2     2  0.000000E+00  0.000000E+00
  0.698132E+01     2     4  0.000000E+00  0.000000E+00
  0.698132E+01     3     3  0.000000E+00  0.000000E+00
  0.698132E+01     4     2  0.000000E+00  0.000000E+00
  0.698132E+01     4     4  0.000000E+00  0.000000E+00
  0.698132E+01     5     1  0.000000E+00  0.000000E+00
  0.698132E+01     5     5  0.000000E+00  0.000000E+00
  0.698132E+01     6     6  0.000000E+00  0.000000E+00
  0.661388E+01     1     1  0.000000E+00  0.000000E+00
  0.661388E+01     1     5  0.000000E+00  0.000000E+00
  0.661388E+01     2     2  0.000000E+00  0.000000E+00
  0.661388E+01     2     4  0.000000E+00  0.000000E+00
  0.661388E+01     3     3  0.000000E+00  0.000000E+00
  0.661388E+01     4     2  0.000000E+00  0.000000E+00
  0.661388E+01     4     4  0.000000E+00  0.000000E+00
  0.661388E+01     5     1  0.000000E+00  0.000000E+00
  0.661388E+01     5     5  0.000000E+00  0.000000E+00
  0.661388E+01     6     6  0.000000E+00  0.000000E+00
  0.628319E+01     1     1  0.000000E+00  0.000000E+00
  0.628319E+01     1     5  0.000000E+00  0.000000E+00
  0.628319E+01     2     2  0.000000E+00  0.000000E+00
  0.628319E+01     2     4  0.000000E+00  0.000000E+00
  0.628319E+01     3     3  0.000000E+00  0.000000E+00
  0.628319E+01     4     2  0.000000E+00  0.000000E+00
  0.628319E+01     4     4  0.000000E+00  0.000000E+00
  0.628319E+01     5     1  0.000000E+00  0.000000E+00
  0.628319E+01     5     5  0.000000E+00  0.000000E+00
  0.628319E+01     6     6  0.000000E+00  0.000000E+00
  0.598399E+01     1     1  0.000000E+00  0.000000E+00
  0.598399E+01     1     5  0.000000E+00  0.000000E+00
  0.598399E+01     2     2  0.000000E+00  0.000000E+00
  0.598399E+01     2     4  0.000000E+00  0.000000E+00
  0.598399E+01     3     3  0.000000E+00  0.000000E+00
  0.598399E+01     4     2  0.000000E+00  0.000000E+00
  0.598399E+01     4     4  0.000000E+00  0.000000E+00
  0.598399E+01     5     1  0.000000E+00  0.000000E+00
  0.598399E+01     5     5  0.000000E+00  0.000000E+00
  0.598399E+01     6     6  0.000000E+00  0.000000E+00
  0.571199E+01     1     1  0.000000E+00  0.000000E+00
  0.571199E+01     1     5  0.000000E+00  0.000000E+00
  0.571199E+01     2     2  0.000000E+00  0.000000E+00
  0.571199E+01     2     4  0.000000E+00  0.000000E+00
  0.571199E+01     3     3  0.000000E+00  0.000000E+00
  0.571199E+01     4     2  0.000000E+00  0.000000E+00
  0.571199E+01     4     4  0.000000E+00  0.000000E+00
  0.571199E+01     5     1  0.000000E+00  0.000000E+00
  0.571199E+01     5     5  0.000000E+00  0.000000E+00
  0.571199E+01     6     6  0.000000E+00  0.000000E+00
  0.546364E+01     1     1  0.000000E+00  0.000000E+00
  0.546364E+01     1     5  0.000000E+00  0.000000E+00
  0.546364E+01     2     2  0.000000E+00  0.000000E+00
  0.546364E+01     2     4  0.000000E+00  0.000000E+00
  0.546364E+01     3     3  0.000000E+00  0.000000E+00
  0.546364E+01     4     2  0.000000E+00  0.000000E+00
  0.546364E+01     4     4  0.000000E+00  0.000000E+00
  0.546364E+01     5     1  0.000000E+00  0.000000E+00
  0.546364E+01     5     5  0.000000E+00  0.000000E+00
  0.546364E+01     6     6  0.000000E+00  0.000000E+00
  0.523599E+01     1     1  0.000000E+00  0.000000E+00
  0.523599E+01     1     5  0.000000E+00  0.000000E+00
  0.523599E+01     2     2  0.000000E+00  0.000000E+00
  0.523599E+01     2     4  0.000000E+00  0.000000E+00
  0.523599E+01     3     3  0.000000E+00  0.000000E+00
  0.523599E+01     4     2  0.000000E+00  0.000000E+00
  0.523599E+01     4     4  0.000000E+00  0.000000E+00
  0.523599E+01     5     1  0.000000E+00  0.000000E+00
  0.523599E+01     5     5  0.000000E+00  0.000000E+00
  0.523599E+01     6     6  0.000000E+00  0.000000E+00
  0.502655E+01     1     1  0.000000E+00  0.000000E+00
  0.502655E+01     1     5  0.000000E+00  0.000000E+00
  0.502655E+01     2     2  0.000000E+00  0.000000E+00
  0.502655E+01     2     4  0.000000E+00  0.000000E+00
  0.502655E+01     3     3  0.000000E+00  0.000000E+00
  0.502655E+01     4     2  0.000000E+00  0.000000E+00
  0.502655E+01     4     4  0.000000E+00  0.000000E+00
  0.502655E+01     5     1  0.000000E+00  0.000000E+00
  0.502655E+01     5     5  0.000000E+00  0.000000E+00
  0.502655E+01     6     6  0.000000E+00  0.000000E+00
  0.483322E+01     1     1  0.000000E+00  0.000000E+00
  0.483322E+01     1     5  0.000000E+00  0.000000E+00
  0.483322E+01     2     2  0.000000E+00  0.000000E+00
  0.483322E+01     2     4  0.000000E+00  0.000000E+00
  0.483322E+01     3     3  0.000000E+00  0.000000E+00
  0.483322E+01     4     2  0.000000E+00  0.000000E+00
  0.483322E+01     4     4  0.000000E+00  0.000000E+00
  0.483322E+01     5     1  0.000000E+00  0.000000E+00
  0.483322E+01     5     5  0.000000E+00  0.000000E+00
  0.483322E+01     6     6  0.000000E+00  0.000000E+00
  0.465421E+01     1     1  0.000000E+00  0.000000E+00
  0.465421E+01     1     5  0.000000E+00  0.000000E+00
  0.465421E+01     2     2  0.000000E+00  0.000000E+00
  0.465421E+01     2     4  0.000000E+00  0.000000E+00
  0.465421E+01     3     3  0.000000E+00  0.000000E+00
  0.465421E+01     4     2  0.000000E+00  0.000000E+00
  0.465421E+01     4     4  0.000000E+00  0.000000E+00
  0.465421E+01     5     1  0.000000E+00  0.000000E+00
  0.465421E+01     5     5  0.000000E+00  0.000000E+00
  0.465421E+01     6     6  0.000000E+00  0.000000E+00
  0.448799E+01     1     1  0.000000E+00  0.000000E+00
  0.448799E+01     1     5  0.000000E+00  0.000000E+00
  0.448799E+01     2     2  0.000000E+00  0.000000E+00
  0.448799E+01     2     4  0.000000E+00  0.000000E+00
  0.448799E+01     3     3  0.000000E+00  0.000000E+00
  0.448799E+01     4     2  0.000000E+00  0.000000E+00
  0.448799E+01     4     4  0.000000E+00  0.000000E+00
  0.448799E+01     5     1  0.000000E+00  0.000000E+00
  0.448799E+01     5     5  0.000000E+00  0.000000E+00
  0.448799E+01     6     6  0.000000E+00  0.000000E+00
  0.433323E+01     1     1  0.000000E+00  0.000000E+00
  0.433323E+01     1     5  0.000000E+00  0.000000E+00
  0.433323E+01     2     2  0.000000E+00  0.000000E+00
  0.433323E+01     2     4  0.000000E+00  0.000000E+00
  0.433323E+01     3     3  0.000000E+00  0.000000E+00
  0.433323E+01     4     2  0.000000E+00  0.000000E+00
  0.433323E+01     4     4  0.000000E+00  0.000000E+00
  0.433323E+01     5     1  0.000000E+00  0.000000E+00
  0.433323E+01     5     5  0.000000E+00  0.000000E+00
  0.433323E+01     6     6  0.000000E+00  0.000000E+00
  0.418879E+01     1     1  0.000000E+00  0.000000E+00
  0.418879E+01     1     5  0.000000E+00  0.000000E+00
  0.418879E+01     2     2  0.000000E+00  0.000000E+00
  0.418879E+01     2     4  0.000000E+00  0.000000E+00
  0.418879E+01     3     3  0.000000E+00  0.000000E+00
  0.418879E+01     4     2  0.000000E+00  0.000000E+00
  0.418879E+01     4     4  0.000000E+00  0.000000E+00
  0.418879E+01     5     1  0.000000E+00  0.000000E+00
  0.418879E+01     5     5  0.000000E+00  0.000000E+00
  0.418879E+01     6     6  0.000000E+00  0.000000E+00
  0.405367E+01     1     1  0.000000E+00  0.000000E+00
  0.405367E+01     1     5  0.000000E+00  0.000000E+00
  0.405367E+01     2     2  0.000000E+00  0.000000E+00
  0.405367E+01     2     4  0.000000E+00  0.000000E+00
  0.405367E+01     3     3  0.000000E+00  0.000000E+00
  0.405367E+01     4     2  0.000000E+00  0.000000E+00
  0.405367E+01     4     4  0.000000E+00  0.000000E+00
  0.405367E+01     5     1  0.000000E+00  0.000000E+00
  0.405367E+01     5     5  0.000000E+00  0.000000E+00
  0.405367E+01     6     6  0.000000E+00  0.000000E+00
  0.392699E+01     1     1  0.000000E+00  0.000000E+00
  0.392699E+01     1     5  0.000000E+00  0.000000E+00
  0.392699E+01     2     2  0.000000E+00  0.000000E+00
  0.392699E+01     2     4  0.000000E+00  0.000000E+00
  0.392699E+01     3     3  0.000000E+00  0.000000E+00
  0.392699E+01     4     2  0.000000E+00  0.000000E+00
  0.392699E+01     4     4  0.000000E+00  0.000000E+00
  0.392699E+01     5     1  0.000000E+00  0.000000E+00
  0.392699E+01     5     5  0.000000E+00  0.000000E+00
  0.392699E+01     6     6  0.000000E+00  0.000000E+00
  0.380799E+01     1     1  0.000000E+00  0.000000E+00
  0.380799E+01     1     5  0.000000E+00  0.000000E+00
  0.380799E+01     2     2  0.000000E+00  0.000000E+00
  0.380799E+01     2     4  0.000000E+00  0.000000E+00
  0.380799E+01     3     3  0.000000E+00  0.000000E+00
  0.380799E+01     4     2  0.000000E+00  0.000000E+00
  0.380799E+01     4     4  0.000000E+00  0.000000E+00
  0.380799E+01     5     1  0.000000E+00  0.000000E+00
  0.380799E+01     5     5  0.000000E+00  0.000000E+00
  0.380799E+01     6     6  0.000000E+00  0.000000E+00
  0.369599E+01     1     1  0.000000E+00  0.000000E+00
  0.369599E+01     1     5  0.000000E+00  0.000000E+00
  0.369599E+01     2     2  0.000000E+00  0.000000E+00
  0.369599E+01     2     4  0.000000E+00  0.000000E+00
  0.369599E+01     3     3  0.000000E+00  0.000000E+00
  0.369599E+01     4     2  0.000000E+00  0.000000E+00
  0.369599E+01     4     4  0.000000E+00  0.000000E+00
  0.369599E+01     5     1  0.000000E+00  0.000000E+00
  0.369599E+01     5     5  0.000000E+00  0.000000E+00
  0.369599E+01     6     6  0.000000E+00  0.000000E+00
  0.359039E+01     1     1  0.000000E+00  0.000000E+00
  0.359039E+01     1     5  0.000000E+00  0.000000E+00
  0.359039E+01     2     2  0.000000E+00  0.000000E+00
  0.359039E+01     2     4  0.000000E+00  0.000000E+00
  0.359039E+01     3     3  0.000000E+00  0.000000E+00
  0.359039E+01     4     2  0.000000E+00  0.000000E+00
  0.359039E+01     4     4  0.000000E+00  0.000000E+00
  0.359039E+01     5     1  0.000000E+00  0.000000E+00
  0.359039E+01     5     5  0.000000E+00  0.000000E+00
  0.359039E+01     6     6  0.000000E+00  0.000000E+00
  0.349066E+01     1     1  0.000000E+00  0.000000E+00
  0.349066E+01     1     5  0.000000E+00  0.000000E+00
  0.349066E+01     2     2  0.000000E+00  0.000000E+00
  0.349066E+01     2     4  0.000000E+00  0.000000E+00
  0.349066E+01     3     3  0.000000E+00  0.000000E+00
  0.349066E+01     4     2  0.000000E+00  0.000000E+00
  0.349066E+01     4     4  0.000000E+00  0.000000E+00
  0.349066E+01     5     1  0.000000E+00  0.000000E+00
  0.349066E+01     5     5  0.000000E+00  0.000000E+00
  0.349066E+01     6     6  0.000000E+00  0.000000E+00
  0.339632E+01     1     1  0.000000E+00  0.000000E+00
  0.339632E+01     1     5  0.000000E+00  0.000000E+00
  0.339632E+01     2     2  0.000000E+00  0.000000E+00
  0.339632E+01     2     4  0.000000E+00  0.000000E+00
  0.339632E+01     3     3  0.000000E+00  0.000000E+00
  0.339632E+01     4     2  0.000000E+00  0.000000E+00
  0.339632E+01     4     4  0.000000E+00  0.000000E+00
  0.339632E+01     5     1  0.000000E+00  0.000000E+00
  0.339632E+01     5     5  0.000000E+00  0.000000E+00
  0.339632E+01     6     6  0.000000E+00  0.000000E+00
  0.330694E+01     1     1  0.000000E+00  0.000000E+00
  0.330694E+01     1     5  0.000000E+00  0.000000E+00
  0.330694E+01     2     2  0.000000E+00  0.000000E+00
  0.330694E+01     2     4  0.000000E+00  0.000000E+00
  0.330694E+01     3     3  0.000000E+00  0.000000E+00
  0.330694E+01     4     2  0.000000E+00  0.000000E+00
  0.330694E+01     4     4  0.000000E+00  0.000000E+00
  0.330694E+01     5     1  0.000000E+00  0.000000E+00
  0.330694E+01     5     5  0.000000E+00  0.000000E+00
  0.330694E+01     6     6  0.000000E+00  0.000000E+00
  0.322215E+01     1     1  0.000000E+00  0.000000E+00
  0.322215E+01     1     5  0.000000E+00  0.000000E+00
  0.322215E+01     2     2  0.000000E+00  0.000000E+00
  0.322215E+01     2     4  0.000000E+00  0.000000E+00
  0.322215E+01     3     3  0.000000E+00  0.000000E+00
  0.322215E+01     4     2  0.000000E+00  0.000000E+00
  0.322215E+01     4     4  0.000000E+00  0.000000E+00
  0.322215E+01     5     1  0.000000E+00  0.000000E+00
  0.322215E+01     5     5  0.000000E+00  0.000000E+00
  0.322215E+01     6     6  0.000000E+00  0.000000E+00
  0.314159E+01     1     1  0.000000E+00  0.000000E+00
  0.314159E+01     1     5  0.000000E+00  0.000000E+00
  0.314159E+01     2     2  0.000000E+00  0.000000E+00
  0.314159E+01     2     4  0.000000E+00  0.000000E+00
  0.314159E+01     3     3  0.000000E+00  0.000000E+00
  0.314159E+01     4     2  0.000000E+00  0.000000E+00
  0.314159E+01     4     4  0.000000E+00  0.000000E+00
  0.314159E+01     5     1  0.000000E+00  0.000000E+00
  0.314159E+01     5     5  0.000000E+00  0.000000E+00
  0.314159E+01     6     6  0.000000E+00  0.000000E+00
  0.306497E+01     1     1  0.000000E+00  0.000000E+00
  0.306497E+01     1     5  0.000000E+00  0.000000E+00
  0.306497E+01     2     2  0.000000E+00  0.000000E+00
  0.306497E+01     2     4  0.000000E+00  0.000000E+00
  0.306497E+01     3     3  0.000000E+00  0.000000E+00
  0.306497E+01     4     2  0.000000E+00  0.000000E+00
  0.306497E+01     4     4  0.000000E+00  0.000000E+00
  0.306497E+01     5     1  0.000000E+00  0.000000E+00
  0.306497E+01     5     5  0.000000E+00  0.000000E+00
  0.306497E+01     6     6  0.000000E+00  0.000000E+00
  0.299199E+01     1     1  0.000000E+00  0.000000E+00
  0.299199E+01     1     5  0.000000E+00  0.000000E+00
  0.299199E+01     2     2  0.000000E+00  0.000000E+00
  0.299199E+01     2     4  0.000000E+00  0.000000E+00
  0.299199E+01     3     3  0.000000E+00  0.000000E+00
  0.299199E+01     4     2  0.000000E+00  0.000000E+00
  0.299199E+01     4     4  0.000000E+00  0.000000E+00
  0.299199E+01     5     1  0.000000E+00  0.000000E+00
  0.299199E+01     5     5  0.000000E+00  0.000000E+00
  0.299199E+01     6     6  0.000000E+00  0.000000E+00
  0.292241E+01     1     1  0.000000E+00  0.000000E+00
  0.292241E+01     1     5  0.000000E+00  0.000000E+00
  0.292241E+01     2     2  0.000000E+00  0.000000E+00
  0.292241E+01     2     4  0.000000E+00  0.000000E+00
  0.292241E+01     3     3  0.000000E+00  0.000000E+00
  0.292241E+01     4     2  0.000000E+00  0.000000E+00
  0.292241E+01     4     4  0.000000E+00  0.000000E+00
  0.292241E+01     5     1  0.000000E+00  0.000000E+00
  0.292241E+01     5     5  0.000000E+00  0.000000E+00
  0.292241E+01     6     6  0.000000E+00  0.000000E+00
  0.285599E+01     1     1  0.000000E+00  0.000000E+00
  0.285599E+01     1     5  0.000000E+00  0.000000E+00
  0.285599E+01     2     2  0.000000E+00  0.000000E+00
  0.285599E+01     2     4  0.000000E+00  0.000000E+00
  0.285599E+01     3     3  0.000000E+00  0.000000E+00
  0.285599E+01     4     2  0.000000E+00  0.000000E+00
  0.285599E+01     4     4  0.000000E+00  0.000000E+00
  0.285599E+01     5     1  0.000000E+00  0.000000E+00
  0.285599E+01     5     5  0.000000E+00  0.000000E+00
  0.285599E+01     6     6  0.000000E+00  0.000000E+00
  0.279253E+01     1     1  0.000000E+00  0.000000E+00
  0.279253E+01     1     5  0.000000E+00  0.000000E+00
  0.279253E+01     2     2  0.000000E+00  0.000000E+00
  0.279253E+01     2     4  0.000000E+00  0.000000E+00
  0.279253E+01     3     3  0.000000E+00  0.000000E+00
  0.279253E+01     4     2  0.000000E+00  0.000000E+00
  0.279253E+01     4     4  0.000000E+00  0.000000E+00
  0.279253E+01     5     1  0.000000E+00  0.000000E+00
  0.279253E+01     5     5  0.000000E+00  0.000000E+00
  0.279253E+01     6     6  0.000000E+00  0.000000E+00
  0.273182E+01     1     1  0.000000E+00  0.000000E+00
  0.273182E+01     1     5  0.000000E+00  0.000000E+00
  0.273182E+01     2     2  0.000000E+00  0.000000E+00
  0.273182E+01     2     4  0.000000E+00  0.000000E+00
  0.273182E+01     3     3  0.000000E+00  0.000000E+00
  0.273182E+01     4     2  0.000000E+00  0.000000E+00
  0.273182E+01     4     4  0.000000E+00  0.000000E+00
  0.273182E+01     5     1  0.000000E+00  0.000000E+00
  0.273182E+01     5     5  0.000000E+00  0.000000E+00
  0.273182E+01     6     6  0.000000E+00  0.000000E+00
  0.267370E+01     1     1  0.000000E+00  0.000000E+00
  0.267370E+01     1     5  0.000000E+00  0.000000E+00
  0.267370E+01     2     2  0.000000E+00  0.000000E+00
  0.267370E+01     2     4  0.000000E+00  0.000000E+00
  0.267370E+01     3     3  0.000000E+00  0.000000E+00
  0.267370E+01     4     2  0.000000E+00  0.000000E+00
  0.267370E+01     4     4  0.000000E+00  0.000000E+00
  0.267370E+01     5     1  0.000000E+00  0.000000E+00
  0.267370E+01     5     5  0.000000E+00  0.000000E+00
  0.267370E+01     6     6  0.000000E+00  0.000000E+00
  0.261799E+01     1     1  0.000000E+00  0.000000E+00
  0.261799E+01     1     5  0.000000E+00  0.000000E+00
  0.261799E+01     2     2  0.000000E+00  0.000000E+00
  0.261799E+01     2     4  0.000000E+00  0.000000E+00
  0.261799E+01     3     3  0.000000E+00  0.000000E+00
  0.261799E+01     4     2  0.000000E+00  0.000000E+00
  0.261799E+01     4     4  0.000000E+00  0.000000E+00
  0.261799E+01     5     1  0.000000E+00  0.000000E+00
  0.261799E+01     5     5  0.000000E+00  0.000000E+00
  0.261799E+01     6     6  0.000000E+00  0.000000E+00
  0.256457E+01     1     1  0.000000E+00  0.000000E+00
  0.256457E+01     1     5  0.000000E+00  0.000000E+00
  0.256457E+01     2     2  0.000000E+00  0.000000E+00
  0.256457E+01     2     4  0.000000E+00  0.000000E+00
  0.256457E+01     3     3  0.000000E+00  0.000000E+00
  0.256457E+01     4     2  0.000000E+00  0.000000E+00
  0.256457E+01     4     4  0.000000E+00  0.000000E+00
  0.256457E+01     5     1  0.000000E+00  0.000000E+00
  0.256457E+01     5     5  0.000000E+00  0.000000E+00
  0.256457E+01     6     6  0.000000E+00  0.000000E+00
  0.251327E+01     1     1  0.000000E+00  0.000000E+00
  0.251327E+01     1     5  0.000000E+00  0.000000E+00
  0.251327E+01     2     2  0.000000E+00  0.000000E+00
  0.251327E+01     2     4  0.000000E+00  0.000000E+00
  0.251327E+01     3     3  0.000000E+00  0.000000E+00
  0.251327E+01     4     2  0.000000E+00  0.000000E+00
  0.251327E+01     4     4  0.000000E+00  0.000000E+00
  0.251327E+01     5     1  0.000000E+00  0.000000E+00
  0.251327E+01     5     5  0.000000E+00  0.000000E+00
  0.251327E+01     6     6  0.000000E+00  0.000000E+00
  0.246399E+01     1     1  0.000000E+00  0.000000E+00
  0.246399E+01     1     5  0.000000E+00  0.000000E+00
  0.246399E+01     2     2  0.000000E+00  0.000000E+00
  0.246399E+01     2     4  0.000000E+00  0.000000E+00
  0.246399E+01     3     3  0.000000E+00  0.000000E+00
  0.246399E+01     4     2  0.000000E+00  0.000000E+00
  0.246399E+01     4     4  0.000000E+00  0.000000E+00
  0.246399E+01     5     1  0.000000E+00  0.000000E+00
  0.246399E+01     5     5  0.000000E+00  0.000000E+00
  0.246399E+01     6     6  0.000000E+00  0.000000E+00
  0.241661E+01     1     1  0.000000E+00  0.000000E+00
  0.241661E+01     1     5  0.000000E+00  0.000000E+00
  0.241661E+01     2     2  0.000000E+00  0.000000E+00
  0.241661E+01     2     4  0.000000E+00  0.000000E+00
  0.241661E+01     3     3  0.000000E+00  0.000000E+00
  0.241661E+01     4     2  0.000000E+00  0.000000E+00
  0.241661E+01     4     4  0.000000E+00  0.000000E+00
  0.241661E+01     5     1  0.000000E+00  0.000000E+00
  0.241661E+01     5     5  0.000000E+00  0.000000E+00
  0.241661E+01     6     6  0.000000E+00  0.000000E+00
  0.237101E+01     1     1  0.000000E+00  0.000000E+00
  0.237101E+01     1     5  0.000000E+00  0.000000E+00
  0.237101E+01     2     2  0.000000E+00  0.000000E+00
  0.237101E+01     2     4  0.000000E+00  0.000000E+00
  0.237101E+01     3     3  0.000000E+00  0.000000E+00
  0.237101E+01     4     2  0.000000E+00  0.000000E+00
  0.237101E+01     4     4  0.000000E+00  0.000000E+00
  0.237101E+01     5     1  0.000000E+00  0.000000E+00
  0.237101E+01     5     5  0.000000E+00  0.000000E+00
  0.237101E+01     6     6  0.000000E+00  0.000000E+00
  0.232711E+01     1     1  0.000000E+00  0.000000E+00
  0.232711E+01     1     5  0.000000E+00  0.000000E+00
  0.232711E+01     2     2  0.000000E+00  0.000000E+00
  0.232711E+01     2     4  0.000000E+00  0.000000E+00
  0.232711E+01     3     3  0.000000E+00  0.000000E+00
  0.232711E+01     4     2  0.000000E+00  0.000000E+00
  0.232711E+01     4     4  0.000000E+00  0.000000E+00
  0.232711E+01     5     1  0.000000E+00  0.000000E+00
  0.232711E+01     5     5  0.000000E+00  0.000000E+00
  0.232711E+01     6     6  0.000000E+00  0.000000E+00
  0.228479E+01     1     1  0.000000E+00  0.000000E+00
  0.228479E+01     1     5  0.000000E+00  0.000000E+00
  0.228479E+01     2     2  0.000000E+00  0.000000E+00
  0.228479E+01     2     4  0.000000E+00  0.000000E+00
  0.228479E+01     3     3  0.000000E+00  0.000000E+00
  0.228479E+01     4     2  0.000000E+00  0.000000E+00
  0.228479E+01     4     4  0.000000E+00  0.000000E+00
  0.228479E+01     5     1  0.000000E+00  0.000000E+00
  0.228479E+01     5     5  0.000000E+00  0.000000E+00
  0.228479E+01     6     6  0.000000E+00  0.000000E+00
  0.224399E+01     1     1  0.000000E+00  0.000000E+00
  0.224399E+01     1     5  0.000000E+00  0.000000E+00
  0.224399E+01     2     2  0.000000E+00  0.000000E+00
  0.224399E+01     2     4  0.000000E+00  0.000000E+00
  0.224399E+01     3     3  0.000000E+00  0.000000E+00
  0.224399E+01     4     2  0.000000E+00  0.000000E+00
  0.224399E+01     4     4  0.000000E+00  0.000000E+00
  0.224399E+01     5     1  0.000000E+00  0.000000E+00
  0.224399E+01     5     5  0.000000E+00  0.000000E+00
  0.224399E+01     6     6  0.000000E+00  0.000000E+00
  0.220463E+01     1     1  0.000000E+00  0.000000E+00
  0.220463E+01     1     5  0.000000E+00  0.000000E+00
  0.220463E+01     2     2  0.000000E+00  0.000000E+00
  0.220463E+01     2     4  0.000000E+00  0.000000E+00
  0.220463E+01     3     3  0.000000E+00  0.000000E+00
  0.220463E+01     4     2  0.000000E+00  0.000000E+00
  0.220463E+01     4     4  0.000000E+00  0.000000E+00
  0.220463E+01     5     1  0.000000E+00  0.000000E+00
  0.220463E+01     5     5  0.000000E+00  0.000000E+00
  0.220463E+01     6     6  0.000000E+00  0.000000E+00
  0.216662E+01     1     1  0.000000E+00  0.000000E+00
  0.216662E+01     1     5  0.000000E+00  0.000000E+00
  0.216662E+01     2     2  0.000000E+00  0.000000E+00
  0.216662E+01     2     4  0.000000E+00  0.000000E+00
  0.216662E+01     3     3  0.000000E+00  0.000000E+00
  0.216662E+01     4     2  0.000000E+00  0.000000E+00
  0.216662E+01     4     4  0.000000E+00  0.000000E+00
  0.216662E+01     5     1  0.000000E+00  0.000000E+00
  0.216662E+01     5     5  0.000000E+00  0.000000E+00
  0.216662E+01     6     6  0.000000E+00  0.000000E+00
  0.212989E+01     1     1  0.000000E+00  0.000000E+00
  0.212989E+01     1     5  0.000000E+00  0.000000E+00
  0.212989E+01     2     2  0.000000E+00  0.000000E+00
  0.212989E+01     2     4  0.000000E+00  0.000000E+00
  0.212989E+01     3     3  0.000000E+00  0.000000E+00
  0.212989E+01     4     2  0.000000E+00  0.000000E+00
  0.212989E+01     4     4  0.000000E+00  0.000000E+00
  0.212989E+01     5     1  0.000000E+00  0.000000E+00
  0.212989E+01     5     5  0.000000E+00  0.000000E+00
  0.212989E+01     6     6  0.000000E+00  0.000000E+00
  0.209440E+01     1     1  0.000000E+00  0.000000E+00
  0.209440E+01     1     5  0.000000E+00  0.000000E+00
  0.209440E+01     2     2  0.000000E+00  0.000000E+00
  0.209440E+01     2     4  0.000000E+00  0.000000E+00
  0.209440E+01     3     3  0.000000E+00  0.000000E+00
  0.209440E+01     4     2  0.000000E+00  0.000000E+00
  0.209440E+01     4     4  0.000000E+00  0.000000E+00
  0.209440E+01     5     1  0.000000E+00  0.000000E+00
  0.209440E+01     5     5  0.000000E+00  0.000000E+00
  0.209440E+01     6     6  0.000000E+00  0.000000E+00
  0.206006E+01     1     1  0.000000E+00  0.000000E+00
  0.206006E+01     1     5  0.000000E+00  0.000000E+00
  0.206006E+01     2     2  0.000000E+00  0.000000E+00
  0.206006E+01     2     4  0.000000E+00  0.000000E+00
  0.206006E+01     3     3  0.000000E+00  0.000000E+00
  0.206006E+01     4     2  0.000000E+00  0.000000E+00
  0.206006E+01     4     4  0.000000E+00  0.000000E+00
  0.206006E+01     5     1  0.000000E+00  0.000000E+00
  0.206006E+01     5     5  0.000000E+00  0.000000E+00
  0.206006E+01     6     6  0.000000E+00  0.000000E+00
  0.202683E+01     1     1  0.000000E+00  0.000000E+00
  0.202683E+01     1     5  0.000000E+00  0.000000E+00
  0.202683E+01     2     2  0.000000E+00  0.000000E+00
  0.202683E+01     2     4  0.000000E+00  0.000000E+00
  0.202683E+01     3     3  0.000000E+00  0.000000E+00
  0.202683E+01     4     2  0.000000E+00  0.000000E+00
  0.202683E+01     4     4  0.000000E+00  0.000000E+00
  0.202683E+01     5     1  0.000000E+00  0.000000E+00
  0.202683E+01     5     5  0.000000E+00  0.000000E+00
  0.202683E+01     6     6  0.000000E+00  0.000000E+00
  0.199466E+01     1     1  0.000000E+00  0.000000E+00
  0.199466E+01     1     5  0.000000E+00  0.000000E+00
  0.199466E+01     2     2  0.000000E+00  0.000000E+00
  0.199466E+01     2     4  0.000000E+00  0.000000E+00
  0.199466E+01     3     3  0.000000E+00  0.000000E+00
  0.199466E+01     4     2  0.000000E+00  0.000000E+00
  0.199466E+01     4     4  0.000000E+00  0.000000E+00
  0.199466E+01     5     1  0.000000E+00  0.000000E+00
  0.199466E+01     5     5  0.000000E+00  0.000000E+00
  0.199466E+01     6     6  0.000000E+00  0.000000E+00
  0.196350E+01     1     1  0.000000E+00  0.000000E+00
  0.196350E+01     1     5  0.000000E+00  0.000000E+00
  0.196350E+01     2     2  0.000000E+00  0.000000E+00
  0.196350E+01     2     4  0.000000E+00  0.000000E+00
  0.196350E+01     3     3  0.000000E+00  0.000000E+00
  0.196350E+01     4     2  0.000000E+00  0.000000E+00
  0.196350E+01     4     4  0.000000E+00  0.000000E+00
  0.196350E+01     5     1  0.000000E+00  0.000000E+00
  0.196350E+01     5     5  0.000000E+00  0.000000E+00
  0.196350E+01     6     6  0.000000E+00  0.000000E+00
  0.193329E+01     1     1  0.000000E+00  0.000000E+00
  0.193329E+01     1     5  0.000000E+00  0.000000E+00
  0.193329E+01     2     2  0.000000E+00  0.000000E+00
  0.193329E+01     2     4  0.000000E+00  0.000000E+00
  0.193329E+01     3     3  0.000000E+00  0.000000E+00
  0.193329E+01     4     2  0.000000E+00  0.000000E+00
  0.193329E+01     4     4  0.000000E+00  0.000000E+00
  0.193329E+01     5     1  0.000000E+00  0.000000E+00
  0.193329E+01     5     5  0.000000E+00  0.000000E+00
  0.193329E+01     6     6  0.000000E+00  0.000000E+00
  0.190400E+01     1     1  0.000000E+00  0.000000E+00
  0.190400E+01     1     5  0.000000E+00  0.000000E+00
  0.190400E+01     2     2  0.000000E+00  0.000000E+00
  0.190400E+01     2     4  0.000000E+00  0.000000E+00
  0.190400E+01     3     3  0.000000E+00  0.000000E+00
  0.190400E+01     4     2  0.000000E+00  0.000000E+00
  0.190400E+01     4     4  0.000000E+00  0.000000E+00
  0.190400E+01     5     1  0.000000E+00  0.000000E+00
  0.190400E+01     5     5  0.000000E+00  0.000000E+00
  0.190400E+01     6     6  0.000000E+00  0.000000E+00
  0.187558E+01     1     1  0.000000E+00  0.000000E+00
  0.187558E+01     1     5  0.000000E+00  0.000000E+00
  0.187558E+01     2     2  0.000000E+00  0.000000E+00
  0.187558E+01     2     4  0.000000E+00  0.000000E+00
  0.187558E+01     3     3  0.000000E+00  0.000000E+00
  0.187558E+01     4     2  0.000000E+00  0.000000E+00
  0.187558E+01     4     4  0.000000E+00  0.000000E+00
  0.187558E+01     5     1  0.000000E+00  0.000000E+00
  0.187558E+01     5     5  0.000000E+00  0.000000E+00
  0.187558E+01     6     6  0.000000E+00  0.000000E+00
  0.184800E+01     1     1  0.000000E+00  0.000000E+00
  0.184800E+01     1     5  0.000000E+00  0.000000E+00
  0.184800E+01     2     2  0.000000E+00  0.000000E+00
  0.184800E+01     2     4  0.000000E+00  0.000000E+00
  0.184800E+01     3     3  0.000000E+00  0.000000E+00
  0.184800E+01     4     2  0.000000E+00  0.000000E+00
  0.184800E+01     4     4  0.000000E+00  0.000000E+00
  0.184800E+01     5     1  0.000000E+00  0.000000E+00
  0.184800E+01     5     5  0.000000E+00  0.000000E+00
  0.184800E+01     6     6  0.000000E+00  0.000000E+00
  0.182121E+01     1     1  0.000000E+00  0.000000E+00
  0.182121E+01     1     5  0.000000E+00  0.000000E+00
  0.182121E+01     2     2  0.000000E+00  0.000000E+00
  0.182121E+01     2     4  0.000000E+00  0.000000E+00
  0.182121E+01     3     3  0.000000E+00  0.000000E+00
  0.182121E+01     4     2  0.000000E+00  0.000000E+00
  0.182121E+01     4     4  0.000000E+00  0.000000E+00
  0.182121E+01     5     1  0.000000E+00  0.000000E+00
  0.182121E+01     5     5  0.000000E+00  0.000000E+00
  0.182121E+01     6     6  0.000000E+00  0.000000E+00
  0.179520E+01     1     1  0.000000E+00  0.000000E+00
  0.179520E+01     1     5  0.000000E+00  0.000000E+00
  0.179520E+01     2     2  0.000000E+00  0.000000E+00
  0.179520E+01     2     4  0.000000E+00  0.000000E+00
  0.179520E+01     3     3  0.000000E+00  0.000000E+00
  0.179520E+01     4     2  0.000000E+00  0.000000E+00
  0.179520E+01     4     4  0.000000E+00  0.000000E+00
  0.179520E+01     5     1  0.000000E+00  0.000000E+00
  0.179520E+01     5     5  0.000000E+00  0.000000E+00
  0.179520E+01     6     6  0.000000E+00  0.000000E+00
  0.176991E+01     1     1  0.000000E+00  0.000000E+00
  0.176991E+01     1     5  0.000000E+00  0.000000E+00
  0.176991E+01     2     2  0.000000E+00  0.000000E+00
  0.176991E+01     2     4  0.000000E+00  0.000000E+00
  0.176991E+01     3     3  0.000000E+00  0.000000E+00
  0.176991E+01     4     2  0.000000E+00  0.000000E+00
  0.176991E+01     4     4  0.000000E+00  0.000000E+00
  0.176991E+01     5     1  0.000000E+00  0.000000E+00
  0.176991E+01     5     5  0.000000E+00  0.000000E+00
  0.176991E+01     6     6  0.000000E+00  0.000000E+00
  0.174533E+01     1     1  0.000000E+00  0.000000E+00
  0.174533E+01     1     5  0.000000E+00  0.000000E+00
  0.174533E+01     2     2  0.000000E+00  0.000000E+00
  0.174533E+01     2     4  0.000000E+00  0.000000E+00
  0.174533E+01     3     3  0.000000E+00  0.000000E+00
  0.174533E+01     4     2  0.000000E+00  0.000000E+00
  0.174533E+01     4     4  0.000000E+00  0.000000E+00
  0.174533E+01     5     1  0.000000E+00  0.000000E+00
  0.174533E+01     5     5  0.000000E+00  0.000000E+00
  0.174533E+01     6     6  0.000000E+00  0.000000E+00
  0.172142E+01     1     1  0.000000E+00  0.000000E+00
  0.172142E+01     1     5  0.000000E+00  0.000000E+00
  0.172142E+01     2     2  0.000000E+00  0.000000E+00
  0.172142E+01     2     4  0.000000E+00  0.000000E+00
  0.172142E+01     3     3  0.000000E+00  0.000000E+00
  0.172142E+01     4     2  0.000000E+00  0.000000E+00
  0.172142E+01     4     4  0.000000E+00  0.000000E+00
  0.172142E+01     5     1  0.000000E+00  0.000000E+00
  0.172142E+01     5     5  0.000000E+00  0.000000E+00
  0.172142E+01     6     6  0.000000E+00  0.000000E+00
  0.169816E+01     1     1  0.000000E+00  0.000000E+00
  0.169816E+01     1     5  0.000000E+00  0.000000E+00
  0.169816E+01     2     2  0.000000E+00  0.000000E+00
  0.169816E+01     2     4  0.000000E+00  0.000000E+00
  0.169816E+01     3     3  0.000000E+00  0.000000E+00
  0.169816E+01     4     2  0.000000E+00  0.000000E+00
  0.169816E+01     4     4  0.000000E+00  0.000000E+00
  0.169816E+01     5     1  0.000000E+00  0.000000E+00
  0.169816E+01     5     5  0.000000E+00  0.000000E+00
  0.169816E+01     6     6  0.000000E+00  0.000000E+00
  0.167552E+01     1     1  0.000000E+00  0.000000E+00
  0.167552E+01     1     5  0.000000E+00  0.000000E+00
  0.167552E+01     2     2  0.000000E+00  0.000000E+00
  0.167552E+01     2     4  0.000000E+00  0.000000E+00
  0.167552E+01     3     3  0.000000E+00  0.000000E+00
  0.167552E+01     4     2  0.000000E+00  0.000000E+00
  0.167552E+01     4     4  0.000000E+00  0.000000E+00
  0.167552E+01     5     1  0.000000E+00  0.000000E+00
  0.167552E+01     5     5  0.000000E+00  0.000000E+00
  0.167552E+01     6     6  0.000000E+00  0.000000E+00
  0.165347E+01     1     1  0.000000E+00  0.000000E+00
  0.165347E+01     1     5  0.000000E+00  0.000000E+00
  0.165347E+01     2     2  0.000000E+00  0.000000E+00
  0.165347E+01     2     4  0.000000E+00  0.000000E+00
  0.165347E+01     3     3  0.000000E+00  0.000000E+00
  0.165347E+01     4     2  0.000000E+00  0.000000E+00
  0.165347E+01     4     4  0.000000E+00  0.000000E+00
  0.165347E+01     5     1  0.000000E+00  0.000000E+00
  0.165347E+01     5     5  0.000000E+00  0.000000E+00
  0.165347E+01     6     6  0.000000E+00  0.000000E+00
  0.163200E+01     1     1  0.000000E+00  0.000000E+00
  0.163200E+01     1     5  0.000000E+00  0.000000E+00
  0.163200E+01     2     2  0.000000E+00  0.000000E+00
  0.163200E+01     2     4  0.000000E+00  0.000000E+00
  0.163200E+01     3     3  0.000000E+00  0.000000E+00
  0.163200E+01     4     2  0.000000E+00  0.000000E+00
  0.163200E+01     4     4  0.000000E+00  0.000000E+00
  0.163200E+01     5     1  0.000000E+00  0.000000E+00
  0.163200E+01     5     5  0.000000E+00  0.000000E+00
  0.163200E+01     6     6  0.000000E+00  0.000000E+00
  0.161107E+01     1     1  0.000000E+00  0.000000E+00
  0.161107E+01     1     5  0.000000E+00  0.000000E+00
  0.161107E+01     2     2  0.000000E+00  0.000000E+00
  0.161107E+01     2     4  0.000000E+00  0.000000E+00
  0.161107E+01     3     3  0.000000E+00  0.000000E+00
  0.161107E+01     4     2  0.000000E+00  0.000000E+00
  0.161107E+01     4     4  0.000000E+00  0.000000E+00
  0.161107E+01     5     1  0.000000E+00  0.000000E+00
  0.161107E+01     5     5  0.000000E+00  0.000000E+00
  0.161107E+01     6     6  0.000000E+00  0.000000E+00
  0.159068E+01     1     1  0.000000E+00  0.000000E+00
  0.159068E+01     1     5  0.000000E+00  0.000000E+00
  0.159068E+01     2     2  0.000000E+00  0.000000E+00
  0.159068E+01     2     4  0.000000E+00  0.000000E+00
  0.159068E+01     3     3  0.000000E+00  0.000000E+00
  0.159068E+01     4     2  0.000000E+00  0.000000E+00
  0.159068E+01     4     4  0.000000E+00  0.000000E+00
  0.159068E+01     5     1  0.000000E+00  0.000000E+00
  0.159068E+01     5     5  0.000000E+00  0.000000E+00
  0.159068E+01     6     6  0.000000E+00  0.000000E+00
  0.157080E+01     1     1  0.000000E+00  0.000000E+00
  0.157080E+01     1     5  0.000000E+00  0.000000E+00
  0.157080E+01     2     2  0.000000E+00  0.000000E+00
  0.157080E+01     2     4  0.000000E+00  0.000000E+00
  0.157080E+01     3     3  0.000000E+00  0.000000E+00
  0.157080E+01     4     2  0.000000E+00  0.000000E+00
  0.157080E+01     4     4  0.000000E+00  0.000000E+00
  0.157080E+01     5     1  0.000000E+00  0.000000E+00
  0.157080E+01     5     5  0.000000E+00  0.000000E+00
  0.157080E+01     6     6  0.000000E+00  0.000000E+00
  0.155140E+01     1     1  0.000000E+00  0.000000E+00
  0.155140E+01     1     5  0.000000E+00  0.000000E+00
  0.155140E+01     2     2  0.000000E+00  0.000000E+00
  0.155140E+01     2     4  0.000000E+00  0.000000E+00
  0.155140E+01     3     3  0.000000E+00  0.000000E+00
  0.155140E+01     4     2  0.000000E+00  0.000000E+00
  0.155140E+01     4     4  0.000000E+00  0.000000E+00
  0.155140E+01     5     1  0.000000E+00  0.000000E+00
  0.155140E+01     5     5  0.000000E+00  0.000000E+00
  0.155140E+01     6     6  0.000000E+00  0.000000E+00
  0.153248E+01     1     1  0.000000E+00  0.000000E+00
  0.153248E+01     1     5  0.000000E+00  0.000000E+00
  0.153248E+01     2     2  0.000000E+00  0.000000E+00
  0.153248E+01     2     4  0.000000E+00  0.000000E+00
  0.153248E+01     3     3  0.000000E+00  0.000000E+00
  0.153248E+01     4     2  0.000000E+00  0.000000E+00
  0.153248E+01     4     4  0.000000E+00  0.000000E+00
  0.153248E+01     5     1  0.000000E+00  0.000000E+00
  0.153248E+01     5     5  0.000000E+00  0.000000E+00
  0.153248E+01     6     6  0.000000E+00  0.000000E+00
  0.151402E+01     1     1  0.000000E+00  0.000000E+00
  0.151402E+01     1     5  0.000000E+00  0.000000E+00
  0.151402E+01     2     2  0.000000E+00  0.000000E+00
  0.151402E+01     2     4  0.000000E+00  0.000000E+00
  0.151402E+01     3     3  0.000000E+00  0.000000E+00
  0.151402E+01     4     2  0.000000E+00  0.000000E+00
  0.151402E+01     4     4  0.000000E+00  0.000000E+00
  0.151402E+01     5     1  0.000000E+00  0.000000E+00
  0.151402E+01     5     5  0.000000E+00  0.000000E+00
  0.151402E+01     6     6  0.000000E+00  0.000000E+00
  0.149600E+01     1     1  0.000000E+00  0.000000E+00
  0.149600E+01     1     5  0.000000E+00  0.000000E+00
  0.149600E+01     2     2  0.000000E+00  0.000000E+00
  0.149600E+01     2     4  0.000000E+00  0.000000E+00
  0.149600E+01     3     3  0.000000E+00  0.000000E+00
  0.149600E+01     4     2  0.000000E+00  0.000000E+00
  0.149600E+01     4     4  0.000000E+00  0.000000E+00
  0.149600E+01     5     1  0.000000E+00  0.000000E+00
  0.149600E+01     5     5  0.000000E+00  0.000000E+00
  0.149600E+01     6     6  0.000000E+00  0.000000E+00
  0.147840E+01     1     1  0.000000E+00  0.000000E+00
  0.147840E+01     1     5  0.000000E+00  0.000000E+00
  0.147840E+01     2     2  0.000000E+00  0.000000E+00
  0.147840E+01     2     4  0.000000E+00  0.000000E+00
  0.147840E+01     3     3  0.000000E+00  0.000000E+00
  0.147840E+01     4     2  0.000000E+00  0.000000E+00
  0.147840E+01     4     4  0.000000E+00  0.000000E+00
  0.147840E+01     5     1  0.000000E+00  0.000000E+00
  0.147840E+01     5     5  0.000000E+00  0.000000E+00
  0.147840E+01     6     6  0.000000E+00  0.000000E+00
  0.146121E+01     1     1  0.000000E+00  0.000000E+00
  0.146121E+01     1     5  0.000000E+00  0.000000E+00
  0.146121E+01     2     2  0.000000E+00  0.000000E+00
  0.146121E+01     2     4  0.000000E+00  0.000000E+00
  0.146121E+01     3     3  0.000000E+00  0.000000E+00
  0.146121E+01     4     2  0.000000E+00  0.000000E+00
  0.146121E+01     4     4  0.000000E+00  0.000000E+00
  0.146121E+01     5     1  0.000000E+00  0.000000E+00
  0.146121E+01     5     5  0.000000E+00  0.000000E+00
  0.146121E+01     6     6  0.000000E+00  0.000000E+00
  0.144441E+01     1     1  0.000000E+00  0.000000E+00
  0.144441E+01     1     5  0.000000E+00  0.000000E+00
  0.144441E+01     2     2  0.000000E+00  0.000000E+00
  0.144441E+01     2     4  0.000000E+00  0.000000E+00
  0.144441E+01     3     3  0.000000E+00  0.000000E+00
  0.144441E+01     4     2  0.000000E+00  0.000000E+00
  0.144441E+01     4     4  0.000000E+00  0.000000E+00
  0.144441E+01     5     1  0.000000E+00  0.000000E+00
  0.144441E+01     5     5  0.000000E+00  0.000000E+00
  0.144441E+01     6     6  0.000000E+00  0.000000E+00
  0.142800E+01     1     1  0.000000E+00  0.000000E+00
  0.142800E+01     1     5  0.000000E+00  0.000000E+00
  0.142800E+01     2     2  0.000000E+00  0.000000E+00
  0.142800E+01     2     4  0.000000E+00  0.000000E+00
  0.142800E+01     3     3  0.000000E+00  0.000000E+00
  0.142800E+01     4     2  0.000000E+00  0.000000E+00
  0.142800E+01     4     4  0.000000E+00  0.000000E+00
  0.142800E+01     5     1  0.000000E+00  0.000000E+00
  0.142800E+01     5     5  0.000000E+00  0.000000E+00
  0.142800E+01     6     6  0.000000E+00  0.000000E+00
  0.141195E+01     1     1  0.000000E+00  0.000000E+00
  0.141195E+01     1     5  0.000000E+00  0.000000E+00
  0.141195E+01     2     2  0.000000E+00  0.000000E+00
  0.141195E+01     2     4  0.000000E+00  0.000000E+00
  0.141195E+01     3     3  0.000000E+00  0.000000E+00
  0.141195E+01     4     2  0.000000E+00  0.000000E+00
  0.141195E+01     4     4  0.000000E+00  0.000000E+00
  0.141195E+01     5     1  0.000000E+00  0.000000E+00
  0.141195E+01     5     5  0.000000E+00  0.000000E+00
  0.141195E+01     6     6  0.000000E+00  0.000000E+00
  0.139626E+01     1     1  0.000000E+00  0.000000E+00
  0.139626E+01     1     5  0.000000E+00  0.000000E+00
  0.139626E+01     2     2  0.000000E+00  0.000000E+00
  0.139626E+01     2     4  0.000000E+00  0.000000E+00
  0.139626E+01     3     3  0.000000E+00  0.000000E+00
  0.139626E+01     4     2  0.000000E+00  0.000000E+00
  0.139626E+01     4     4  0.000000E+00  0.000000E+00
  0.139626E+01     5     1  0.000000E+00  0.000000E+00
  0.139626E+01     5     5  0.000000E+00  0.000000E+00
  0.139626E+01     6     6  0.000000E+00  0.000000E+00
  0.138092E+01     1     1  0.000000E+00  0.000000E+00
  0.138092E+01     1     5  0.000000E+00  0.000000E+00
  0.138092E+01     2     2  0.000000E+00  0.000000E+00
  0.138092E+01     2     4  0.000000E+00  0.000000E+00
  0.138092E+01     3     3  0.000000E+00  0.000000E+00
  0.138092E+01     4     2  0.000000E+00  0.000000E+00
  0.138092E+01     4     4  0.000000E+00  0.000000E+00
  0.138092E+01     5     1  0.000000E+00  0.000000E+00
  0.138092E+01     5     5  0.000000E+00  0.000000E+00
  0.138092E+01     6     6  0.000000E+00  0.000000E+00
  0.136591E+01     1     1  0.000000E+00  0.000000E+00
  0.136591E+01     1     5  0.000000E+00  0.000000E+00
  0.136591E+01     2     2  0.000000E+00  0.000000E+00
  0.136591E+01     2     4  0.000000E+00  0.000000E+00
  0.136591E+01     3     3  0.000000E+00  0.000000E+00
  0.136591E+01     4     2  0.000000E+00  0.000000E+00
  0.136591E+01     4     4  0.000000E+00  0.000000E+00
  0.136591E+01     5     1  0.000000E+00  0.000000E+00
  0.136591E+01     5     5  0.000000E+00  0.000000E+00
  0.136591E+01     6     6  0.000000E+00  0.000000E+00
  0.135122E+01     1     1  0.000000E+00  0.000000E+00
  0.135122E+01     1     5  0.000000E+00  0.000000E+00
  0.135122E+01     2     2  0.000000E+00  0.000000E+00
  0.135122E+01     2     4  0.000000E+00  0.000000E+00
  0.135122E+01     3     3  0.000000E+00  0.000000E+00
  0.135122E+01     4     2  0.000000E+00  0.000000E+00
  0.135122E+01     4     4  0.000000E+00  0.000000E+00
  0.135122E+01     5     1  0.000000E+00  0.000000E+00
  0.135122E+01     5     5  0.000000E+00  0.000000E+00
  0.135122E+01     6     6  0.000000E+00  0.000000E+00
  0.133685E+01     1     1  0.000000E+00  0.000000E+00
  0.133685E+01     1     5  0.000000E+00  0.000000E+00
  0.133685E+01     2     2  0.000000E+00  0.000000E+00
  0.133685E+01     2     4  0.000000E+00  0.000000E+00
  0.133685E+01     3     3  0.000000E+00  0.000000E+00
  0.133685E+01     4     2  0.000000E+00  0.000000E+00
  0.133685E+01     4     4  0.000000E+00  0.000000E+00
  0.133685E+01     5     1  0.000000E+00  0.000000E+00
  0.133685E+01     5     5  0.000000E+00  0.000000E+00
  0.133685E+01     6     6  0.000000E+00  0.000000E+00
  0.132278E+01     1     1  0.000000E+00  0.000000E+00
  0.132278E+01     1     5  0.000000E+00  0.000000E+00
  0.132278E+01     2     2  0.000000E+00  0.000000E+00
  0.132278E+01     2     4  0.000000E+00  0.000000E+00
  0.132278E+01     3     3  0.000000E+00  0.000000E+00
  0.132278E+01     4     2  0.000000E+00  0.000000E+00
  0.132278E+01     4     4  0.000000E+00  0.000000E+00
  0.132278E+01     5     1  0.000000E+00  0.000000E+00
  0.132278E+01     5     5  0.000000E+00  0.000000E+00
  0.132278E+01     6     6  0.000000E+00  0.000000E+00
  0.130900E+01     1     1  0.000000E+00  0.000000E+00
  0.130900E+01     1     5  0.000000E+00  0.000000E+00
  0.130900E+01     2     2  0.000000E+00  0.000000E+00
  0.130900E+01     2     4  0.000000E+00  0.000000E+00
  0.130900E+01     3     3  0.000000E+00  0.000000E+00
  0.130900E+01     4     2  0.000000E+00  0.000000E+00
  0.130900E+01     4     4  0.000000E+00  0.000000E+00
  0.130900E+01     5     1  0.000000E+00  0.000000E+00
  0.130900E+01     5     5  0.000000E+00  0.000000E+00
  0.130900E+01     6     6  0.000000E+00  0.000000E+00
  0.129550E+01     1     1  0.000000E+00  0.000000E+00
  0.129550E+01     1     5  0.000000E+00  0.000000E+00
  0.129550E+01     2     2  0.000000E+00  0.000000E+00
  0.129550E+01     2     4  0.000000E+00  0.000000E+00
  0.129550E+01     3     3  0.000000E+00  0.000000E+00
  0.129550E+01     4     2  0.000000E+00  0.000000E+00
  0.129550E+01     4     4  0.000000E+00  0.000000E+00
  0.129550E+01     5     1  0.000000E+00  0.000000E+00
  0.129550E+01     5     5  0.000000E+00  0.000000E+00
  0.129550E+01     6     6  0.000000E+00  0.000000E+00
  0.128228E+01     1     1  0.000000E+00  0.000000E+00
  0.128228E+01     1     5  0.000000E+00  0.000000E+00
  0.128228E+01     2     2  0.000000E+00  0.000000E+00
  0.128228E+01     2     4  0.000000E+00  0.000000E+00
  0.128228E+01     3     3  0.000000E+00  0.000000E+00
  0.128228E+01     4     2  0.000000E+00  0.000000E+00
  0.128228E+01     4     4  0.000000E+00  0.000000E+00
  0.128228E+01     5     1  0.000000E+00  0.000000E+00
  0.128228E+01     5     5  0.000000E+00  0.000000E+00
  0.128228E+01     6     6  0.000000E+00  0.000000E+00
  0.126933E+01     1     1  0.000000E+00  0.000000E+00
  0.126933E+01     1     5  0.000000E+00  0.000000E+00
  0.126933E+01     2     2  0.000000E+00  0.000000E+00
  0.126933E+01     2     4  0.000000E+00  0.000000E+00
  0.126933E+01     3     3  0.000000E+00  0.000000E+00
  0.126933E+01     4     2  0.000000E+00  0.000000E+00
  0.126933E+01     4     4  0.000000E+00  0.000000E+00
  0.126933E+01     5     1  0.000000E+00  0.000000E+00
  0.126933E+01     5     5  0.000000E+00  0.000000E+00
  0.126933E+01     6     6  0.000000E+00  0.000000E+00
  0.125664E+01     1     1  0.000000E+00  0.000000E+00
  0.125664E+01     1     5  0.000000E+00  0.000000E+00
  0.125664E+01     2     2  0.000000E+00  0.000000E+00
  0.125664E+01     2     4  0.000000E+00  0.000000E+00
  0.125664E+01     3     3  0.000000E+00  0.000000E+00
  0.125664E+01     4     2  0.000000E+00  0.000000E+00
  0.125664E+01     4     4  0.000000E+00  0.000000E+00
  0.125664E+01     5     1  0.000000E+00  0.000000E+00
  0.125664E+01     5     5  0.000000E+00  0.000000E+00
  0.125664E+01     6     6  0.000000E+00  0.000000E+00
